$basis
*
o def-TZVP
# o     (11s6p1d) / [5s3p1d]     {62111/411/1}
*
   6  s
  27032.382631      0.21726302465E-03
  4052.3871392      0.16838662199E-02
  922.32722710      0.87395616265E-02
  261.24070989      0.35239968808E-01
  85.354641351      0.11153519115
  31.035035245      0.25588953961
   2  s
  12.260860728      0.39768730901
  4.9987076005      0.24627849430
   1  s
  1.1703108158       1.0000000000
   1  s
 0.46474740994       1.0000000000
   1  s
 0.18504536357       1.0000000000
   4  p
  63.274954801      0.60685103418E-02
  14.627049379      0.41912575824E-01
  4.4501223456      0.16153841088
  1.5275799647      0.35706951311
   1  p
 0.52935117943      0.44794207502
   1  p
 0.17478421270      0.24446069663
   1  d
  1.2000000000       1.0000000000
*
mg def-TZVP
# mg    (14s7p) / [5s3p]     {73211/511}
*
   7  s
  31438.349555      0.60912311326E-03
  4715.5153354      0.47066196465E-02
  1073.1629247      0.24135820657E-01
  303.57238768      0.93628959834E-01
  98.626251042      0.26646742093
  34.943808417      0.47890929917
  12.859785199      0.33698490286
   3  s
  64.876913004      0.19180889307E-01
  19.725520777      0.90913704392E-01
  2.8951804339     -0.39563756125
   2  s
  1.1960454710       1.6827603373
 0.54329451156      0.52141091954
   1  s
 0.10099104092       1.0000000000
   1  s
 0.36865728085E-01   1.0000000000
   5  p
  179.87189612      0.53799549018E-02
  42.120069376      0.39318014098E-01
  13.120503032      0.15740129476
  4.6257503609      0.35919094128
  1.6695211016      0.45533379310
   1  p
 0.58551012105      0.21986432910
   1  p
 0.18914796195       1.0000000000
*
cu def-TZVP
# cu    (17s11p6d) / [6s4p3d]     {842111/6311/411}
*
   8  s
  377518.79923      0.22811766128E-03
  56589.984311      0.17688035931E-02
  12878.711706      0.91993460227E-02
  3645.3752143      0.37411016434E-01
  1187.0072945      0.12189873737
  426.46421902      0.28983900714
  165.70660164      0.41531872174
  65.598942707      0.21905799287
   4  s
  414.41265811     -0.24682525053E-01
  128.32056039     -0.11716827406
  20.622089750      0.55301315941
  8.7821226045      0.52242718609
   2  s
  13.741372006     -0.22736061821
  2.2431246833      0.71761210873
   1  s
 0.89370549079       1.0000000000
   1  s
 0.10836699534       1.0000000000
   1  s
 0.38806178058E-01   1.0000000000
   6  p
  2034.7596692      0.23524822298E-02
  481.90468106      0.19134070751E-01
  154.67482963      0.90171105278E-01
  57.740576969      0.26063284735
  23.099052811      0.42093485770
  9.3882478591      0.24344615121
   3  p
  37.596171210     -0.28991094530E-01
  5.1240690810      0.54919083831
  2.0119996085      0.93793330488
   1  p
 0.73860686002       1.0000000000
   4  d
  74.129460637      0.14363216676E-01
  21.359842587      0.86628177096E-01
  7.4995240537      0.25631430541
  2.7601394169      0.40374062368
   1  d
 0.95362061236      0.39427042447
   1  d
 0.28420862520      0.23091146816
   1  p
 0.15506500000       1.0000000000
*
c def-TZVP
# c     (11s6p1d) / [5s3p1d]     {62111/411/1}
*
   6  s
  13575.349682      0.22245814352E-03
  2035.2333680      0.17232738252E-02
  463.22562359      0.89255715314E-02
  131.20019598      0.35727984502E-01
  42.853015891      0.11076259931
  15.584185766      0.24295627626
   2  s
  6.2067138508      0.41440263448
  2.5764896527      0.23744968655
   1  s
 0.57696339419       1.0000000000
   1  s
 0.22972831358       1.0000000000
   1  s
 0.95164440028E-01   1.0000000000
   4  p
  34.697232244      0.53333657805E-02
  7.9582622826      0.35864109092E-01
  2.3780826883      0.14215873329
 0.81433208183      0.34270471845
   1  p
 0.28887547253      0.46445822433
   1  p
 0.10056823671      0.24955789874
   1  d
 0.80000000000       1.0000000000
*
$ecp
*
mg ecp-10 hay & wadt
*
  ncore =    10           lmax =     2
#        coefficient   r^n          exponent
d
         -10.0000000    1         237.5484804
         -55.8993958    2          47.7520367
         -20.1391957    2          10.7837852
          -7.0679107    2           3.1992124
          -0.8133109    2           1.0636953
s-d
           3.0000000    0         348.3008631
          44.0075660    1          59.4680133
         107.3861344    2          19.0767582
          35.8289088    2           5.2965613
          10.1143435    2           1.3867373
p-d
           5.0000000    0        1256.8739085
         117.1053672    1         189.8608839
         420.5972073    2          54.6949631
         107.6122959    2          13.8990137
          29.1002576    2           3.9597181
           7.0875570    2           1.2552787
*
$end
