$grad          cartesian gradients
  cycle =      1    SCF energy =  -5683.5786007900   |dE/dxyz| =  0.157045
    7.95196756718279     19.87991891795697     15.90393513436557      o f
   11.92795135077418     15.90393513436557     15.90393513436557      o f
   11.92795135077418     19.87991891795697     15.90393513436557      mg f
   11.92795135077418     23.85590270154836     15.90393513436557      o f
   15.90393513436557     11.92795135077418     15.90393513436557      o f
   15.90393513436557     15.90393513436557     15.90393513436557      mg f
   15.90393513436557     19.87991891795697     15.90393513436557      o f
   15.90393513436557     23.85590270154836     15.90393513436557      mg f
   15.90393513436557     27.83188648513975     15.90393513436557      o f
   19.87991891795697     15.90393513436557     15.90393513436557      o f
   19.87991891795697     19.87991891795697     15.90393513436557      mg f
   19.87991891795697     23.85590270154836     15.90393513436557      o f
   23.85590270154836     19.87991891795697     15.90393513436557      o f
    7.95196756718279     19.87991891795697     11.92795135077418      mg f
   11.92795135077418     15.90393513436557     11.92795135077418      mg f
   11.92795135077418     19.87991891795697     11.92795135077418      o f
   11.92795135077418     23.85590270154836     11.92795135077418      mg f
   15.90393513436557     11.92795135077418     11.92795135077418      mg f
   15.90393513436557     15.90393513436557     11.92795135077418      o f
   15.90393513436557     19.87991891795697     11.92795135077418      mg f
   15.90393513436557     23.85590270154836     11.92795135077418      o f
   15.90393513436557     27.83188648513975     11.92795135077418      mg f
   19.87991891795697     15.90393513436557     11.92795135077418      mg f
   19.87991891795697     19.87991891795697     11.92795135077418      o f
   19.87991891795697     23.85590270154836     11.92795135077418      mg f
   23.85590270154836     19.87991891795697     11.92795135077418      mg f
   15.90393513436557     19.87991891795697      7.95196756718279      o f
   15.90393513436557     19.87991891795697      3.97598378359139      mg f
    3.97598378359139     19.87991891795697     15.90393513436557      mg f
    7.95196756718279     15.90393513436557     15.90393513436557      mg f
    7.95196756718279     23.85590270154836     15.90393513436557      mg f
   11.92795135077418     11.92795135077418     15.90393513436557      mg f
   11.92795135077418     27.83188648513975     15.90393513436557      mg f
   15.90393513436557      7.95196756718279     15.90393513436557      mg f
   15.90393513436557     31.80787026873115     15.90393513436557      mg f
   19.87991891795697     11.92795135077418     15.90393513436557      mg f
   19.87991891795697     27.83188648513975     15.90393513436557      mg f
   23.85590270154836     15.90393513436557     15.90393513436557      mg f
   23.85590270154836     23.85590270154836     15.90393513436557      mg f
   27.83188648513975     19.87991891795697     15.90393513436557      mg f
   11.92795135077418     19.87991891795697      7.95196756718279      mg f
   15.90393513436557     15.90393513436557      7.95196756718279      mg f
   15.90393513436557     23.85590270154836      7.95196756718279      mg f
   19.87991891795697     19.87991891795697      7.95196756718279      mg f
   15.91037110915005     19.87872735637951     19.89199789731189      cu
   13.68092573098299     22.11654603352385     21.44476099583242      c
   12.37323061678852     23.43223837992524     22.58347084501876      o
   18.14753755621595     17.64949119038920     21.44579961282266      c
   19.46234716157880     16.34228591212109     22.58615826479689      o
  0.00000000000000D+00  0.00000000000000D+00  0.00000000000000D+00
  0.00000000000000D+00  0.00000000000000D+00  0.00000000000000D+00
  0.00000000000000D+00  0.00000000000000D+00  0.00000000000000D+00
  0.00000000000000D+00  0.00000000000000D+00  0.00000000000000D+00
  0.00000000000000D+00  0.00000000000000D+00  0.00000000000000D+00
  0.00000000000000D+00  0.00000000000000D+00  0.00000000000000D+00
  0.00000000000000D+00  0.00000000000000D+00  0.00000000000000D+00
  0.00000000000000D+00  0.00000000000000D+00  0.00000000000000D+00
  0.00000000000000D+00  0.00000000000000D+00  0.00000000000000D+00
  0.00000000000000D+00  0.00000000000000D+00  0.00000000000000D+00
  0.00000000000000D+00  0.00000000000000D+00  0.00000000000000D+00
  0.00000000000000D+00  0.00000000000000D+00  0.00000000000000D+00
  0.00000000000000D+00  0.00000000000000D+00  0.00000000000000D+00
  0.00000000000000D+00  0.00000000000000D+00  0.00000000000000D+00
  0.00000000000000D+00  0.00000000000000D+00  0.00000000000000D+00
  0.00000000000000D+00  0.00000000000000D+00  0.00000000000000D+00
  0.00000000000000D+00  0.00000000000000D+00  0.00000000000000D+00
  0.00000000000000D+00  0.00000000000000D+00  0.00000000000000D+00
  0.00000000000000D+00  0.00000000000000D+00  0.00000000000000D+00
  0.00000000000000D+00  0.00000000000000D+00  0.00000000000000D+00
  0.00000000000000D+00  0.00000000000000D+00  0.00000000000000D+00
  0.00000000000000D+00  0.00000000000000D+00  0.00000000000000D+00
  0.00000000000000D+00  0.00000000000000D+00  0.00000000000000D+00
  0.00000000000000D+00  0.00000000000000D+00  0.00000000000000D+00
  0.00000000000000D+00  0.00000000000000D+00  0.00000000000000D+00
  0.00000000000000D+00  0.00000000000000D+00  0.00000000000000D+00
  0.00000000000000D+00  0.00000000000000D+00  0.00000000000000D+00
  0.00000000000000D+00  0.00000000000000D+00  0.00000000000000D+00
  0.00000000000000D+00  0.00000000000000D+00  0.00000000000000D+00
  0.00000000000000D+00  0.00000000000000D+00  0.00000000000000D+00
  0.00000000000000D+00  0.00000000000000D+00  0.00000000000000D+00
  0.00000000000000D+00  0.00000000000000D+00  0.00000000000000D+00
  0.00000000000000D+00  0.00000000000000D+00  0.00000000000000D+00
  0.00000000000000D+00  0.00000000000000D+00  0.00000000000000D+00
  0.00000000000000D+00  0.00000000000000D+00  0.00000000000000D+00
  0.00000000000000D+00  0.00000000000000D+00  0.00000000000000D+00
  0.00000000000000D+00  0.00000000000000D+00  0.00000000000000D+00
  0.00000000000000D+00  0.00000000000000D+00  0.00000000000000D+00
  0.00000000000000D+00  0.00000000000000D+00  0.00000000000000D+00
  0.00000000000000D+00  0.00000000000000D+00  0.00000000000000D+00
  0.00000000000000D+00  0.00000000000000D+00  0.00000000000000D+00
  0.00000000000000D+00  0.00000000000000D+00  0.00000000000000D+00
  0.00000000000000D+00  0.00000000000000D+00  0.00000000000000D+00
  0.00000000000000D+00  0.00000000000000D+00  0.00000000000000D+00
  0.51242319307736D-03  0.29138555844243D-03  -.40482973374480D-01
  0.26860612607383D-01  -.26432992353727D-01  -.82993600793672D-01
  0.16154295417569D-01  -.16547665614630D-01  -.51828820720364D-01
  -.26139714780514D-01  0.26594668993686D-01  -.82637410621892D-01
  -.16886695726023D-01  0.16446936426150D-01  -.52149246509143D-01
$end
